Intersection points:
x1 = 3.000000, y1 = 0.000000
x2 = 0.000000, y2 = 2.000000
